((("prime_factors" .
   [0 0 0 0 0 2 0 0 0 0 0 0 0])
  ("max" .
   [2 0 0])
  ("while" .
   [2 0 0 0 0])
  ("xrange" .
   [6 0 0 0 0 0])
  ("yield" .
   [4 0 0 0 0])
  ("4000000" .
   [1 0 0 0 0 0 0])
  ("sumFib" .
   [1 0 0 0 0 0])
  ("break" .
   [3 0 0 1 0])
  ("else" .
   [3 0 0 0])
  ("sum" .
   [4 0 0])
  ("lambda" .
   [2 0 0 1 0 0])
  ("in" .
   [5 0])
  ("Fib" .
   [3 0 0])
  ("True" .
   [5 0 0 0])
  ("ifilter" .
   [1 0 0 0 2 0 0])
  ("sudo" .
   [1 0 0 0])
  ("run" .
   [1 0 0])
  ("local" .
   [1 0 0 0 0])
  ("cd" .
   [1 0])
  ("context_managers" .
   [0 0 0 0 1 0 0 0 0 0 0 0 0 0 0 0])
  ("set-frame-font" .
   [1 0 0 0 0 0 0 0 0 0 0 0 0 0])
  ("alias" .
   [1 0 0 0 0])
  ("server-start" .
   [0 0 0 0 0 0 0 0 1 0 0 0])
  ("column-number-mode" .
   [0 0 0 0 0 0 1 0 0 0 0 0 0 0 0 0 0 0])
  ("sys" .
   [2 0 0])
  ("require" .
   [2 0 0 0 0 0 0])
  ("import" .
   [5 0 0 2 2 0])
  ("from" .
   [3 0 0 0])
  ("fabric" .
   [1 0 0 2 0 0])
  ("env" .
   [7 0 0])
  ("load-library" .
   [0 0 0 0 0 0 1 0 0 0 0 0])
  ("for" .
   [7 0 0])
  ("prefs" .
   [0 0 0 1 0])
  ("add" .
   [1 0 0])
  ("mypaths" .
   [0 0 0 0 1 0 0])
  ("def" .
   [12 0 0])
  ("pass" .
   [1 0 0 0])
  ("my_func" .
   [1 0 0 0 0 0 0])
  ("hname" .
   [1 0 0 0 0])
  ("print" .
   [12 0 0 0 0])
  ("return" .
   [6 0 0 0 0 0])
  ("hosts" .
   [1 0 0 0 0])
  ("_get_host" .
   [0 0 0 0 0 1 0 0 0])
  ("api" .
   [1 0 0])
  ("operations" .
   [0 0 0 0 1 0 0 0 0 0])
  ("prompt" .
   [0 0 0 0 1 0])
  ("_get_user" .
   [0 0 0 0 1 0 0 0 0])
  ("_get_keyfile" .
   [0 0 0 0 0 0 1 0 0 0 0 0])
  ("put" .
   [1 0 0])
  ("setq" .
   [1 0 0 0])
  ("background-color" .
   [0 0 0 0 0 0 1 0 0 0 0 0 0 0 0 0])
  ("bin" .
   [1 0 0])
  ("del" .
   [2 0 0])
  ("if" .
   [11 0])
  ("120" .
   [1 0 0])
  ("math" .
   [4 0 0 0])
  ("int" .
   [2 0 0])
  ("sqn" .
   [3 0 0])
  ("lpf" .
   [1 0 0])
  ("not" .
   [3 0 0])
  ("and" .
   [2 0 0])
  ("elif" .
   [2 0 0 0])
  ("sqrt" .
   [1 0 0 0])
  ("sq_n" .
   [1 0 0 0])))
